  1948         2026
 1948    -0.55   -0.39   -0.31   -0.52   -0.74   -0.95   -0.66   -0.72   -0.56   -0.64   -0.53   -0.47
 1949    -0.53   -0.26   -0.36   -0.09   -0.27   -0.27   -0.10    0.01    0.09   -0.19   -0.16   -0.43
 1950    -0.25   -0.12   -0.23   -0.48   -0.69   -0.54   -0.41   -0.54   -0.66   -0.76   -0.64   -1.19
 1951    -1.32   -0.97   -1.22   -0.82   -0.71   -0.57   -0.36   -0.15   -0.10   -0.19   -0.26   -0.26
 1952    -0.28   -0.28   -0.42   -0.39   -0.53   -0.24   -0.33   -0.21   -0.19   -0.30   -0.18   -0.40
 1953    -0.49   -0.52   -0.34   -0.60   -0.48   -0.41   -0.33   -0.26   -0.11   -0.20   -0.37   -0.68
 1954    -0.76   -0.77   -0.87   -0.71   -0.96   -0.88   -0.92   -0.59   -0.40   -0.36   -0.30   -0.49
 1955    -0.76   -0.87   -0.80   -0.83   -0.69   -0.75   -0.52   -0.65   -0.56   -0.50   -0.38   -0.83
 1956    -0.84   -0.96   -0.92   -1.04   -0.79   -0.74   -0.51   -0.39   -0.34   -0.66   -0.62   -0.75
 1957    -0.71   -0.38   -0.42   -0.34   -0.60   -0.42   -0.57   -0.41   -0.50   -0.60   -0.44   -0.42
 1958    -0.59   -0.53   -0.92   -0.94   -1.42   -1.37   -0.77   -0.83   -0.78   -0.71   -0.57   -0.29
 1959    -0.30   -0.21   -0.07   -0.11   -0.51   -0.45   -0.50   -0.40   -0.25   -0.35   -0.41   -0.49
 1960    -0.66   -0.68   -0.43   -0.53   -0.34   -0.54   -0.18   -0.22   -0.20   -0.32   -0.17   -0.26
 1961    -0.34   -0.39   -0.37   -0.41   -0.31   -0.41   -0.47   -0.38   -0.12   -0.24   -0.24   -0.38
 1962    -0.41   -0.43   -0.46   -0.32   -0.16   -0.23   -0.34   -0.23   -0.22   -0.20   -0.17   -0.45
 1963    -0.39   -0.26   -0.07   -0.10    0.08    0.14    0.17    0.25    0.26    0.22    0.50    0.51
 1964     0.32    0.04   -0.02   -0.25   -0.56   -0.45   -0.46   -0.41   -0.82   -1.01   -0.81   -1.02
 1965    -0.73   -0.35   -0.24   -0.21   -0.19   -0.49   -0.65   -0.41   -0.18   -0.40   -0.48   -0.51
 1966    -0.52   -0.54   -0.74   -0.23   -0.21    0.31    0.02   -0.26   -0.22   -0.27    0.03    0.34
 1967    -0.03    0.04   -0.37   -0.51   -0.72   -0.92   -0.87   -0.60   -0.50   -0.84   -0.59   -0.39
 1968    -0.37   -0.51   -0.61   -0.32   -0.36   -0.23   -0.01   -0.00    0.14    0.22    0.30    0.24
 1969    -0.02    0.27    0.03    0.04   -0.15   -0.36   -0.40   -0.19   -0.24   -0.28   -0.25   -0.45
 1970    -0.68   -0.53   -0.55   -0.59   -0.53   -0.65   -0.37   -0.43   -0.37   -0.61   -0.38   -0.60
 1971    -0.35   -0.25   -0.41   -0.22   -0.10   -0.14   -0.49   -0.40   -0.31   -0.60   -0.86   -1.06
 1972    -0.42   -0.33   -0.52   -0.28   -0.38   -0.22   -0.01    0.07    0.08    0.07    0.26    0.62
 1973     0.46    0.45    0.25    0.45    0.59    0.44    0.41    0.38    0.60    0.45    0.36    0.14
 1974     0.00   -0.13   -0.20    0.05    0.15    0.12    0.32    0.22   -0.01   -0.11    0.07   -0.15
 1975    -0.46   -0.46   -0.50   -0.42   -0.31   -0.14   -0.23   -0.21   -0.39   -0.40   -0.21   -0.60
 1976    -0.74   -0.67   -0.83   -0.98   -1.04   -0.91   -0.93   -0.68   -0.47   -0.58   -0.63   -0.47
 1977    -0.53   -0.27   -0.34   -0.34   -0.39   -0.41   -0.40   -0.19   -0.12   -0.31   -0.27   -0.34
 1978    -0.52   -0.56   -0.80   -0.96   -0.99   -0.78   -0.33   -0.40   -0.50   -0.61   -0.61   -0.43
 1979    -0.49   -0.51   -0.65   -0.30   -0.27   -0.21   -0.12    0.07    0.14   -0.17   -0.12   -0.28
 1980    -0.48   -0.61   -0.61   -0.42   -0.38   -0.39   -0.31   -0.16   -0.04   -0.25   -0.43   -0.86
 1981    -0.61   -0.73   -0.99   -0.83   -0.75   -0.53   -0.48   -0.07    0.05    0.12    0.08   -0.16
 1982    -0.30   -0.47   -0.56   -0.66   -0.71   -0.76   -0.70   -0.77   -0.46   -0.33   -0.46   -0.43
 1983    -0.01    0.11   -0.48   -0.56   -0.80   -0.76   -0.56   -0.28   -0.11   -0.31   -0.12    0.12
 1984     0.35    0.38    0.44    0.19   -0.08    0.14    0.29    0.57    0.69    0.36    0.13   -0.01
 1985    -0.02    0.25   -0.21   -0.16   -0.10   -0.27    0.02   -0.10   -0.13    0.05    0.06    0.03
 1986    -0.14    0.20    0.04   -0.03   -0.08    0.10   -0.06    0.01    0.16   -0.08   -0.35   -0.24
 1987    -0.32   -0.19   -0.18   -0.27   -0.06    0.11    0.25    0.24    0.17    0.19    0.45    0.13
 1988     0.30    0.39    0.43    0.28    0.37    0.42    0.20    0.30    0.16    0.15   -0.05   -0.07
 1989     0.08   -0.04    0.00   -0.02   -0.01    0.00    0.00    0.19    0.06    0.06   -0.24   -0.51
 1990    -0.68   -0.14   -0.03    0.04   -0.40   -0.23   -0.37   -0.33   -0.22   -0.13   -0.01   -0.04
 1991    -0.21   -0.20   -0.21   -0.00    0.14    0.13   -0.20   -0.52   -0.51   -0.59   -0.52   -0.34
 1992    -0.61   -0.53   -0.74   -0.88   -1.01   -1.11   -0.86   -0.86   -0.70   -0.74   -0.97   -0.63
 1993    -0.59   -0.39   -0.44   -0.11   -0.32   -0.34   -0.21   -0.16    0.30    0.47    0.57    0.24
 1994    -0.01   -0.14   -0.10   -0.13   -0.23   -0.49   -0.52   -0.37   -0.30   -0.27   -0.11   -0.07
 1995     0.07    0.34    0.39    0.29    0.24    0.33    0.09   -0.26   -0.19   -0.27   -0.06   -0.26
 1996    -0.15    0.16    0.12    0.34    0.43    0.56    0.41    0.15   -0.01   -0.10   -0.06   -0.33
 1997    -0.55   -0.60   -0.82   -0.81   -0.89   -0.98   -0.53   -0.29    0.06    0.47    0.60    0.76
 1998     0.38    0.47    0.34    0.23    0.20    0.35    0.59    0.40    0.26   -0.01    0.14   -0.15
 1999    -0.20   -0.22   -0.02    0.14    0.18    0.18    0.38    0.35    0.09    0.05    0.15    0.10
 2000    -0.12    0.12    0.05    0.06   -0.05   -0.11   -0.10   -0.00   -0.13   -0.12   -0.11   -0.27
 2001    -0.17   -0.10   -0.06    0.07    0.12    0.04   -0.11   -0.06   -0.04   -0.03   -0.02   -0.25
 2002    -0.19   -0.33   -0.06   -0.00    0.15    0.02    0.22   -0.19   -0.23   -0.09   -0.25    0.08
 2003     0.22    0.30    0.28    0.11    0.02   -0.21    0.14    0.30    0.34    0.31    0.36    0.30
 2004     0.07   -0.05   -0.36   -0.57   -0.47   -0.39   -0.18    0.02    0.18   -0.08    0.06    0.17
 2005     0.28    0.22    0.26   -0.02   -0.40   -0.57   -0.57   -0.19   -0.23   -0.22   -0.26   -0.29
 2006    -0.30   -0.04    0.06   -0.00   -0.11    0.10    0.05    0.13    0.13    0.01   -0.10    0.05
 2007    -0.09   -0.06   -0.31   -0.07   -0.06    0.12   -0.02   -0.04    0.12   -0.11   -0.08   -0.06
 2008    -0.14    0.09    0.25    0.33    0.47    0.39    0.40    0.31    0.13    0.05    0.13    0.15
 2009     0.11    0.08    0.20    0.21    0.44    0.28    0.14    0.04    0.04    0.23    0.11    0.43
 2010     0.46    0.41    0.54    0.37    0.27    0.54    0.35    0.29    0.08    0.21    0.22    0.15
 2011     0.12    0.32    0.38    0.18   -0.04   -0.11    0.02    0.00    0.09    0.06   -0.23   -0.74
 2012    -0.66   -0.78   -0.43   -0.64   -0.38   -0.27   -0.29   -0.28   -0.13   -0.19   -0.16   -0.09
 2013     0.05   -0.02   -0.09    0.04    0.13   -0.03   -0.03    0.05   -0.12   -0.18   -0.26   -0.16
 2014    -0.23   -0.05   -0.13   -0.08    0.14    0.15   -0.09    0.05    0.11   -0.06   -0.50   -0.38
 2015     0.10    0.15   -0.11    0.05    0.11    0.07   -0.19   -0.31   -0.19    0.06    0.19    0.44
 2016     0.47    0.32    0.25    0.08    0.01    0.37    0.37    0.33    0.11    0.24    0.10    0.41
 2017     0.25   -0.18   -0.06    0.09    0.12    0.26    0.10    0.39    0.12    0.19    0.02   -0.09
 2018     0.29   -0.27   -0.18   -0.03   -0.07    0.15    0.12    0.21    0.21    0.31    0.21    0.40
 2019     0.41    0.41    0.67    0.34    0.31    0.27    0.24    0.22    0.33    0.25    0.87    0.80
 2020     0.95    0.57    0.31    0.41    0.53    0.29    0.29    0.30    0.09    0.17   -0.06   -0.38
 2021    -0.12   -0.33   -0.21    0.06    0.41    0.58    0.86    0.72    0.43    0.42    0.32    0.00
 2022     0.14    0.46    0.22    0.15    0.01    0.30    0.08    0.18    0.20    0.30    0.33    0.34
 2023     0.49    0.28    0.14    0.19    0.44    0.26    0.28    0.30    0.25    0.19    0.73    1.05
 2024     0.99    1.14    1.33    1.10    0.82    0.54    0.33    0.19    0.30    0.28    0.22    0.31
 2025     0.32    0.33    0.08    0.11    0.17    0.11    0.11    0.07    0.13    0.00    0.02    0.17
 2026     0.30    0.45    0.27    0.38    0.17    0.20    0.12  -99.99  -99.99  -99.99  -99.99  -99.99
  -99.99
  TSAa
  NOAA/PSL
  https://psl.noaa.gov/data/timeseries/month/
